1	17748
2	15422
4	40585
5	18099
6	17854
7	52882
8	52847
9	24593
10	52910
11	495055
12	15956
13	58988
14	64428
15	64428
16	64428
19	7508
21	49960
50	50397
150	42082
282	28368
286	15640
517	44032
519	63621
558	63628
577	40050
768	50438
772	41033
1434	63613
1944	4379
2337	44143
2483	119486
2579	15738
2691	41059
3033	51913
3175	38912
3532	75404
3909	44215
4078	4775
4350	64340
4354	51689
4374	36090
4375	16433
4377	49168
4552	39112
4566	51723
4568	51723
4569	51723
4570	51723
4571	51723
4572	51723
4573	51723
4574	51723
4575	51723
4576	51723
4577	51723
4578	51723
4579	51723
4580	51723
4581	51723
4582	51723
4655	49960
4706	28062
4779	61399
4814	38940
4882	63449
4934	50663
4994	73139
5025	7798
5445	49603
5446	114785
5447	49668
6190	63448
6568	49791
6645	27623
7457	42567
7458	18388
7459	15864
7460	16243
7461	75095
7462	28499
7478	49840
7802	16072
7812	474859
7813	41456
7814	9307
7822	50992
7837	27612
7875	51846
7882	16069
7884	113454
7939	36641
7944	16984
7949	28483
7950	32535
7952	16255
7953	32535
7960	27822
7966	18295
7968	17141
7971	44730
7972	30347
7973	16000
8125	367163
8509	58001
8512	58001
8580	7489
8582	16973
8610	48339
8726	164200
8885	17347
8903	17026
8958	313639
8960	53289
8961	45980
9019	16796
9460	2654
9461	17574
10015	2704
10042	15554
10246	59385
10300	29067
10404	42944
10458	52884
10515	16494
10620	8874
10656	29067
10755	28790
10758	18397
10759	15355
10847	28177
10849	27732
10851	17489
10856	16526
10857	45373
10859	51094
10880	27690
10882	101096
10883	101085
10884	4702
10885	3176
10887	63631
10888	10127
10989	63620
10990	73472
10999	40538
11021	28600
11022	27539
11023	27953
11118	43666
11293	51689
11304	42403
11316	3682
11318	42223
11402	51908
11555	39505
11558	39484
11638	32168
11639	41423
11658	39955
11939	18009
11940	28223
12311	68621
12342	28794
12345	41804
12414	52916
12578	46557
12590	8452
12591	41033
12915	65329
12996	68579
13014	160129
13015	16343
13061	6413
13063	63634
13066	47381
13158	4778
13216	49375
13472	47379
13513	40237
13530	45783
13739	16962
13775	17650
13925	46414
13934	37924
14029	75393
14062	3757
14321	15815
14339	29067
14340	29067
14341	29067
14342	29067
14343	29067
14344	29067
14345	29067
14346	29067
14355	29067
14356	29067
14358	58001
14361	104872
14390	9139
14391	16356
14487	16335
14671	52915
14672	30769
14673	25134
14674	30873
14675	37548
14677	225282
14700	52020
14712	68540
14754	28241
14769	46548
14774	47657
14777	71940
15210	43561
15211	47495
15234	52289
15236	18152
15296	50693
15336	34795
15346	27906
15359	64153
15361	556075
15579	50217
15581	3763
15648	27537
15754	45116
15789	41617
15978	40332
16100	46234
16110	52971
16173	2639
16233	41198
16234	53455
16235	43741
16241	5445
16285	72323
16312	102029
16314	48549
16418	17987
16419	30745
16420	35825
16421	17656
16426	28478
16427	30749
16430	27386
16431	37837
16433	24574
16435	17460
16436	18047
16443	17378
16592	593538
16673	50924
17197	48459
17289	17263
17292	23965
17337	29067
17636	42638
17638	49662
17639	16032
17657	18237
17658	73688
17661	15851
17663	15829
17664	15811
17714	40432
17950	601027
18044	15633
18050	44185
18069	45924
18073	28044
18119	32483
18121	28300
18125	17053
18129	18186
18133	15428
18134	47785
18135	40532
18136	40730
18137	16027
18139	64304
18140	17191
18161	16330
18189	5120
18207	41879
18351	44369
18355	50381
18372	38545
18376	3558
18512	8673
18627	50692
18660	73390
18678	3090
18703	41879
18723	50692
18754	29067
18796	63616
18860	18258
18861	18258
18957	2663
19023	72296
19130	46024
19149	45716
19151	61080
19190	8378
19214	27584
19254	17202
19264	168396
19441	8772
19459	28088
19460	50207
19461	50202
19472	16891
19473	45360
20175	1296
20176	1301
20177	67237
20180	50515
20181	50516
20182	42977
20183	17703
20192	16113
20284	70773
20461	3374
20607	41774
20608	44616
20624	23965
20625	41922
20688	63618
20717	11152
20732	5292
20740	5292
20875	8113
20876	37657
21003	58001
21004	29067
21008	73356
21112	73356
21114	61106
21130	73357
21173	73282
21189	73282
21220	73284
21281	73295
21336	15842
21342	6605
21359	28790
21360	34480
21392	48292
21393	73364
21394	73364
21395	6123
21396	6123
21397	9233
21398	5613
21399	9233
21533	62124
21544	15555
21614	52158
21642	3380
21674	16755
21680	16359
21681	488147
21687	16497
21690	100241
21691	100147
21959	32700
21973	72821
21974	27897
21978	24702
21979	51637
22032	73290
22039	73290
22111	17509
22164	39548
22165	64089
22167	64093
22231	17351
22319	15843
22344	51723
22345	51723
22346	51723
22347	51723
22348	51723
22349	51723
22350	51723
22351	51723
22352	51723
22353	51723
22354	51723
22355	51723
22356	51723
22357	51723
22358	51723
22359	51723
22360	15365
22361	51723
22362	51723
22363	51723
22364	51723
22365	51723
22366	51723
22367	51723
22368	51723
22369	8887
22370	51723
22371	51723
22372	73468
22416	7936
22417	73410
22418	27958
22422	23965
22437	44616
22452	16962
22476	17650
22567	6762
22570	36306
22579	18406
22586	18381
22589	18349
22597	74956
22599	75508
22600	60584
22602	44630
22603	44884
22604	24593
22605	24526
22606	16188
22607	25589
22722	51507
22724	63552
22725	16583
22726	41308
22727	75417
22728	17682
22729	50013
22765	52774
22766	48051
22770	17766
22774	16509
22782	36703
22787	16050
22853	15342
22857	37454
22861	18295
22865	74024
22868	2946
22870	2675
22871	50841
22874	5050
22875	5818
22878	6762
22880	74760
22890	3561
22891	4975
22893	8776
22904	74759
22905	74759
22911	64156
22984	28748
22985	3638
22988	2700
23028	50500
23163	73420
23164	73420
23165	73420
23167	17822
23188	29042
23207	3086
23208	3087
23209	69580
23212	66651
23214	30903
23222	18058
23230	30744
23233	28358
23276	51723
23310	2700
23407	18167
23408	8695
23409	6052
23410	74992
23411	9062
23414	4630
23415	15335
23416	15600
23417	90
23418	28230
23419	17846
23420	28197
23432	28837
23433	27689
23434	18262
23435	16639
23436	29067
23437	29067
23438	29067
23439	29067
23440	29067
23441	29067
23442	29067
23443	29067
23444	29067
23445	29067
23446	17276
23447	17698
23450	51138
23451	3908
23515	15940
23516	15940
23620	4653
23782	52341
23783	52341
23784	52341
23786	52341
23787	52341
23791	52341
23926	27881
23927	28119
23952	23965
23954	63916
24182	2972
24183	16865
24200	15651
24226	2896
24514	17440
24566	32509
24627	36669
24773	51098
24775	69522
24776	27418
24777	15794
24778	28869
24779	44401
24782	18067
24783	72013
24813	38119
24941	51689
24961	16199
25028	65326
25117	66910
25150	61076
25257	16584
25313	2567
25315	17111
25392	64317
25429	16330
25458	68642
25459	16973
25461	17709
25525	17183
25725	41320
25730	48347
25749	258351
25751	3127
25752	3082
25753	2904
25755	2379
25756	6904
25758	6343
25759	3441
25761	8499
25762	63622
25764	51211
25767	39465
25769	2549
25770	9449
25771	64064
25817	46081
25829	17263
25868	23965
25870	3723
25899	64354
25900	3654
25901	5893
25902	47426
25903	3213
26100	61146
26106	44482
26109	50329
26113	44737
26114	46865
26115	16675
26116	46837
26117	46860
26118	46875
26121	37952
26122	37954
26128	48661
26144	52392
26187	15882
26188	18135
26189	27810
26190	17594
26191	52879
26192	52879
26193	16914
26194	30763
26195	17602
26196	38622
26197	46195
26227	6762
26258	34849
26263	5103
26264	5103
26265	53760
26266	10125
26355	51689
26356	51689
26357	51689
26358	51689
26359	51689
26360	51689
26361	51689
26362	51689
26431	18237
26474	71219
26526	40083
26655	16400
26656	507499
26658	75092
26667	28157
26738	50500
26978	64428
26979	64428
26980	64428
26981	64428
26982	48819
26983	48819
26984	18407
26985	30105
26986	28976
26987	28976
26988	29785
26989	16301
26990	16136
26991	17137
26992	29922
26993	38899
26994	48266
26995	48266
26996	44923
26997	29851
27135	62880
27193	27965
27216	47600
27498	40071
27500	75292
27501	64044
27506	64042
27507	17154
27682	41928
27948	15534
27958	174690
27960	73289
28342	35490
28352	58001
28362	16962
28393	63059
28422	15414
28582	64629
28661	73726
28681	50122
28699	34648
28701	47612
28761	50122
29024	51689
29025	51689
29026	51689
29027	51689
29028	51689
29029	51689
29030	51689
29031	51689
29032	51689
29033	51689
29034	51689
29035	51689
29036	51689
29037	51689
29038	51689
29039	51689
29077	2700
29080	71466
29083	71464
29135	15760
29143	27618
29211	53233
29214	48986
29278	32111
29388	43966
29405	2417
29508	48201
29524	28790
29525	73380
29532	3962
29555	48292
29568	8364
29590	75272
29608	33216
29612	17697
30130	5118
30701	28136
30702	4821
30704	64216
30706	31490
30707	2086
30709	4820
31089	49375
31090	38927
31091	71219
31098	49960
31101	51098
31174	17364
31341	45783
31343	9233
31678	16836
31688	4846
31711	4775
31768	48339
31772	6923
31774	3764
31775	27779
31792	17248
31880	28683
31881	24813
31883	15367
31891	15367
31892	26536
31904	51240
31908	16840
31910	17065
31914	38190
31915	3696
31995	16761
32020	7625
32022	28748
32024	4653
32147	59477
32188	74460
32203	48981
32209	73398
32210	73398
32212	73398
32367	49668
32368	49603
32628	72763
32764	17134
33218	30756
33456	17763
33549	51689
34103	24280
34168	40303
34179	7824
34230	27820
34231	75092
34232	3962
34571	490095
34572	3175
34649	62845
34650	9287
34753	70082
35227	73410
35229	47781
35234	33569
35254	7735
35255	32316
35256	51137
35360	15367
35447	52902
35525	4513
35804	73283
35847	15551
35862	51723
35938	52010
36012	58001
36013	136995
36014	15407
36017	58001
36018	58001
36019	266039
36020	58001
36021	58001
36022	17134
36023	18397
36024	8093
36026	28631
36027	58001
36029	51209
36030	58001
36032	58001
36033	28203
36034	16259
36035	16734
36036	74640
36037	68561
36038	68561
36047	29067
36048	29067
36049	57738
36050	57738
36053	29067
36054	29067
36057	24364
36058	24364
36061	29067
36062	29067
36063	29067
36064	29067
36067	55384
36068	55384
36069	57738
36070	57738
36071	16931
36072	52847
36075	29067
36076	29067
36079	29067
36080	29067
36081	58001
36082	73912
36083	58896
36084	58896
36089	29067
36090	29067
36091	29067
36092	29067
36093	32503
36096	29067
36097	29067
36098	29067
36099	29067
36102	58896
36103	58896
36104	57738
36105	57738
36108	8736
36109	8499
36111	24364
36112	16532
36113	57738
36114	37277
36116	58001
36117	29067
36118	58001
36126	495056
36127	58001
36128	16104
36129	16331
36133	29067
36134	29067
36135	28856
36139	74848
36140	58001
36141	58001
36142	58001
36143	32980
36144	46957
36145	52847
36146	25476
36147	30899
36148	32918
36149	25475
36151	38219
36152	21371
36153	28831
36154	17824
36155	35687
36156	35687
36157	35687
36158	32880
36159	32880
36161	28044
36173	28885
36174	17120
36175	25650
36176	16133
36177	52847
36179	57702
36180	57702
36181	16150
36182	17418
36183	18401
36184	75317
36185	29067
36186	55501
36188	30376
36189	52847
36190	52847
36191	52847
36192	52847
36193	52847
36195	61206
36196	49285
36197	38363
36198	58001
36199	59019
36200	32880
36203	29067
36254	29067
36255	29067
36256	64341
36257	29067
36258	29067
36263	15396
36264	15397
36265	28093
36266	28093
36280	28903
36281	51434
36288	42040
36290	38135
36295	69441
36297	52678
36299	28078
36300	52879
36301	53291
36307	57670
36308	58001
36309	58001
36310	51433
36351	4672
36378	58001
36379	58001
36382	58001
36388	27860
36393	58001
36439	29067
36440	57738
36441	29067
36490	58001
36491	29067
36537	39261
36609	9168
36629	27971
36630	40599
36631	29067
36632	29067
36633	48419
36880	3131
36983	51689
37631	24564
37632	18208
37633	27847
37636	53785
37979	51689
38034	17474
38377	51689
38550	31530
38874	53700
38920	567361
38924	245199
39302	27407
39338	2739
39340	132842
39342	3084
39345	8107
39346	7959
39347	31414
39348	8232
39350	3716
39351	3640
39464	51689
39687	38004
39691	65133
39816	29067
39817	38272
39818	38272
39875	51689
39943	51689
39958	51689
39989	51689
39998	51689
40491	4518
40544	62847
40621	51689
40627	51689
40663	50037
40713	51689
41098	585948
41132	9667
41589	51689
41591	51689
41592	51689
41593	51689
41594	51689
41600	51723
41957	48400
42078	27823
42131	3478
42256	51689
42410	55316
42618	51689
42619	51689
42640	51689
42642	51689
42668	51689
42697	51689
43210	51723
43238	51723
43239	51723
43240	51723
43263	51723
43287	51723
43288	51723
43362	9495
43463	51689
43465	51689
43483	69335
43866	27666
44456	6375
44818	28918
45463	52430
46128	73511
46355	4551
46356	28544
46416	38007
46658	167099
47032	6375
47402	35668
47714	228275
47756	58960
47827	50437
48319	27565
48345	51689
48374	51689
48449	61058
48494	51689
48918	50142
49122	31262
49154	51689
49488	51689
49489	51689
50007	18258
50875	51773
51084	51689
51181	51689
51229	51689
51919	51689
52299	51689
52808	51689
53046	51689
53058	51689
53080	51689
53100	51689
53430	27961
53562	38626
53568	74843
54084	29067
54109	6993
54111	29013
54112	32215
54429	52884
54694	51723
54695	51723
54697	51723
54698	51723
54699	51723
54700	51723
54701	51723
54702	51723
54703	51723
54704	7476
54705	5004
54706	35628
54764	51689
54871	67616
54988	17579
55121	18243
55436	28502
56714	52884
57215	51689
57691	51689
57914	51689
57925	51689
57946	51689
57965	51689
58275	27961
58401	38626
58407	74843
58897	29067
58922	6993
58924	29013
58925	32215
58941	3567
59045	67616
59098	29067
59101	29067
59164	29067
59165	29067
59397	474014
59775	50138
60775	47802
60836	15600
60838	15793
60918	6775
60977	63569
60985	36578
60986	75211
60987	31696
60990	9546
60995	28420
61121	52169
61541	51689
61776	28775
61849	51689
63287	51689
63825	29067
63919	338412
64173	51723
64709	52099
64987	67121
65516	64649
65550	64078
66080	51723
66184	16691
66653	51689
66666	51689
66826	17340
66977	42219
66981	51805
67437	64543
67454	8645
67824	51689
67874	51689
68168	69926
68247	29067
69576	51689
69602	64094
70190	32063
70288	51689
70709	65954
71204	29115
71239	51689
71542	8405
71742	51771
72205	51689
73823	3077
73981	37952
73982	35807
74048	59012
74063	34631
74253	51928
74255	52879
74258	160246
74259	35447
74260	59782
74411	27840
74415	48625
74416	51689
74419	30692
74615	51689
74759	50756
75261	51723
75309	51895
76155	17293
76196	29067
76280	51723
76302	74500
76566	66332
77904	3002
77944	3755
77970	3755
78434	8435
79021	9124
79180	2669
79206	3240
79210	50190
79215	64111
79298	58001
79299	58001
79300	58001
79403	15746
79427	38786
79744	51689
80643	3499
80984	556580
81046	51689
81197	51686
81289	17489
81348	10429
81379	453011
81461	5775
81464	3398
81465	59177
81469	6820
81479	29067
81482	59115
81491	59115
81572	29067
81631	29067
81632	29067
81633	29067
81634	29067
81635	29067
81636	29067
81767	64628
81774	64119
81775	64122
81776	64122
81777	60833
81790	64045
81797	64115
81871	16968
81874	15996
81875	5118
81881	6904
81884	6904
81918	51101
81926	2789
81938	32533
81945	641
81970	52847
81975	18344
81977	138644
82009	48517
82016	4728
82018	17368
82020	68444
82038	37327
82045	22261
82052	74517
82057	34673
82058	34673
82070	17688
82088	50212
82093	15550
82095	15550
82096	73944
82124	16761
82145	29067
82146	16444
82191	37952
82193	75146
82197	61888
82210	28728
82211	28158
82229	15627
82231	75451
82269	51173
82273	64081
82375	4024
82437	47782
82439	251412
82475	2401
82476	3648
82507	50140
82509	2198
82517	64123
82522	48991
82548	36798
82898	124991
83205	16393
83209	51772
83820	74837
83974	17129
84007	472657
84348	4647
84735	64019
84738	5000
84745	36808
84862	22261
84876	66810
84976	75164
84978	17558
84982	7781
84984	66103
84986	38747
84994	71255
85025	64165
85029	3561
85030	3561
85031	7823
85035	73853
85037	2365
85044	59424
85045	59424
85209	48423
85222	70735
85233	51368
85254	29067
85288	58882
85289	29067
85290	29067
85291	29067
85293	29067
85301	51689
85302	51689
85303	51689
85304	51689
85332	1391
85356	37025
85372	6651
85471	73712
85473	21260
85508	16008
85509	9588
85513	16914
85515	59026
85596	5000
85597	5000
85606	63691
85648	27434
85649	28476
85689	63981
85696	15646
85712	70804
85747	52140
85763	29067
85807	49000
85933	51862
85998	28196
86007	27916
86046	36792
86150	16230
86167	74789
86180	73297
86195	16811
86198	60315
86199	17376
86200	32648
86202	17230
86203	15356
86204	50051
86230	48565
86234	1391
86248	4495
86271	64001
86277	64004
86278	64001
86286	59332
86452	73288
86453	63082
86487	52316
86521	10102
86703	64086
86704	38565
86707	32020
86726	46295
86730	73853
86734	31690
87812	38954
87815	34714
88353	38954
88356	34714
88543	3566
88700	61028
88955	71537
89184	51689
89560	59684
90104	51689
90673	59057
91068	33098
91350	52879
91686	70976
91713	16422
91714	18084
91718	40799
91719	34584
91792	29067
92008	58001
92189	58001
92200	29067
92244	29067
92386	27899
92389	31355
92393	35852
92396	50845
92401	27701
92409	67285
92410	67280
92411	67309
92412	67304
92413	2942
92421	28279
92422	60281
92423	40274
92451	16223
92456	18026
92458	454991
92459	17552
92464	3393
92478	2914
92494	35810
92495	25138
92496	30887
92505	16175
92519	49109
92572	17296
92674	47322
92681	29067
92682	52524
92683	33070
92684	29067
92685	27897
92686	17890
92687	72821
92688	32732
92689	29067
92690	32732
92691	17282
92693	16765
92694	16411
92695	29067
92696	29067
92697	43295
92698	64554
92699	29067
92700	28171
92701	28044
92702	18186
92712	68465
92713	41941
92714	27637
92715	35825
92716	35825
92743	29067
92744	29067
92745	29067
92746	29067
92747	29067
92748	29067
92749	17642
92750	52879
92751	17042
92752	28755
92753	28457
92754	52879
92758	52879
92861	3982
92862	71952
92900	65309
92901	61896
92902	65309
92903	18211
92961	18338
92962	18290
92964	51703
92965	29067
92966	15360
92967	17271
92972	58001
92984	18314
92985	35621
92986	29067
92987	64307
92988	29067
92989	52794
92990	17475
92991	18347
92992	29067
92993	58896
92994	16414
92995	28159
92996	28791
92998	16977
92999	15961
93000	138644
93001	15811
93002	29067
93009	28300
93010	21847
93011	21847
93012	18237
93013	29067
93015	24809
93042	73398
93073	29067
93074	29067
93075	29067
93076	29067
93077	29067
93078	29067
93079	29067
93097	16344
93100	29067
93101	29067
93205	29067
93206	29067
93344	60661
93926	75372
94606	3738
94838	66606
94919	3485
95342	51689
95409	51689
96274	50131
96275	28786
96279	52879
96466	29067
96523	3498
96559	28674
97007	76130
97307	48080
97320	67318
98795	52884
98801	52884
98803	52884
98842	61238
100152	28121
100281	29067
100282	74407
100283	17052
109767	28986
112774	3996
115181	17903
119875	16285
120262	4759
50000032	1751
50000092	17303
50000099	16977
50000100	17203
50000102	16958
50000105	32874
50000108	38108
50000109	16449
50000296	73358
50000298	48267
50000334	142290
50000407	28747
50000491	107736
50000500	33569
50000541	10112
50000662	8058
50000693	3092
50000766	49575
50000787	7465
50000788	7459
50001290	51072
50001493	126237
50001515	62208
50001565	58001
50001567	3092
50001728	2611
50001765	9674
50001775	64195
50001786	9122
50001839	45863
50001859	3223
50001884	3766
50001885	8871
50001886	45951
50001888	3647
50001915	10588
50001920	48556
50001946	74569
50001955	48538
50002173	48558
50002316	18243
50002338	9566
50002342	32470
50002343	32470
50002369	31746
50002371	18237
50002448	29067
50002449	114953
50002450	29067
50002662	65552
50002692	10110
50002861	7822
50003086	23359
50003151	50217
50003283	51689
50003359	10056
50003368	2814
50003599	17963
50003616	39867
50003624	116931
50003655	8107
50003659	3387
50003674	50729
50003677	28830
50004000	27953
50004058	9605
50004107	64610
50004108	18723
50004119	40152
50004152	43060
50004338	29067
50004339	29067
50004341	29067
50004441	48344
50004442	48339
50004548	223316
50004656	3385
50004704	101278
50004825	73297
50004826	37024
50004897	138644
50004918	63988
50004924	63988
50004925	63988
50005001	63965
50005120	64218
50005246	2679
50005267	189669
50005463	4460
50005534	64145
50005548	116225
50005628	9948
50005675	8247
50005835	10650
50005862	29067
50005894	9427
50005901	69534
50005908	3687
50006805	75390
50006811	2340
50007169	64131
50007260	8427
50007391	66964
50007468	52010
50007973	17237
50008059	5292
50008072	39460
50008075	39460
50008089	15732
50008223	29067
50008429	32630
50008513	34892
50008536	55503
50008541	52879
50008543	17847
50008544	52879
50008545	61595
50008548	17231
50008556	28488
50008558	17578
50008560	28063
50008562	52879
50008563	39931
50008564	52879
50008567	27417
50008691	29067
50008692	29067
50008693	29067
50008734	64098
50008789	8081
50008923	27656
50008935	63632
50008979	2569
50008984	119915
50009001	2979
50009073	10100
50009160	52939
50009166	52939
50009248	171741
50009353	16610
50009367	16841
50009369	15746
50009385	17148
50009647	27725
50009672	16680
50009685	40526
50009730	46964
50009834	9925
50009839	63930
50009859	5855
50009999	18089
50010101	4514
50010261	42471
50010318	17345
50010338	61014
50010588	1391
50010859	47499
50010868	9943
50010869	47781
50010912	15368
50011181	127780
50011780	8355
50011865	51723
50011977	4814
50012070	8273
50012239	175763
50012477	61084
50012490	9316
50012855	37931
50012899	9352
50012907	75918
50012913	75922
50012957	5441
50013055	18237
50013111	63581
50013337	29067
50013339	29067
50013340	29067
50013341	29067
50013342	29067
50013344	29067
50013444	2687
50013515	48565
50013712	52884
50013786	5623
50013811	109895
50013876	32470
50013889	15647
50014193	51689
50014210	59020
50014213	2089
50014260	28946
50014313	48339
50014341	125204
50014405	51137
50014406	31085
50014846	27882
50014872	4393
50014945	48295
50015127	51723
50015144	31317
50015154	51689
50015184	50520
50015214	8711
50015245	45081
50015616	27375
50015713	64055
50015950	3423
50016419	8925
50016479	60528
50016489	65035
50016490	2519
50016613	68552
50016695	72816
50016698	23503
50016702	73400
50016704	73400
50016706	73400
50016774	73364
50016777	73364
50016799	4909
50016817	17957
50016897	46632
50017041	16804
50017129	4784
50017225	15611
50017229	138644
50017478	2624
50017543	63617
50017654	8404
50017655	5123
50017657	31403
50017659	9468
50017660	8430
50017662	6456
50017664	3215
50017666	3183
50017667	3061
50017674	4636
50017687	247956
50017696	8461
50017697	4638
50017698	6532
50017699	116735
50017700	8357
50017701	64028
50017705	4717
50017706	4904
50017709	309594
50017712	28487
50017717	8459
50017721	4046
50017762	29067
50017763	29067
50017811	48349
50017832	73343
50017833	1883
50018018	29067
50018668	29067
50018670	64458
50018849	116962
50019058	33568
50019213	3756
50019298	32483
50019351	16714
50019443	8214
50019492	73287
50019624	4779
50019646	51368
50019693	4708
50019848	5862
50019955	29067
50020368	16734
50020390	73393
50020680	8888
50020681	5002
50020710	7640
50020712	2666
50020883	221278
50020888	222169
50021153	3011
50021186	16080
50021187	16080
50021218	180847
50021261	64307
50021347	61092
50021398	18088
50021437	8069
50021601	16344
50021602	43615
50021610	15968
50021627	73087
50021776	2453
50021812	2788
50021927	47780
50021954	9321
50021959	48947
50022173	51666
50022178	17224
50022186	32918
50022191	8249
50022231	29067
50022232	29067
50022233	29067
50022234	29067
50022235	29067
50022271	6128
50022309	48574
50022571	16576
50022721	2679
50022723	4469
50022735	29067
50022736	29067
50022737	29067
50022772	17941
50022775	7514
50022787	18208
50022788	49566
50022815	4031
50022889	63681
50023136	38322
50023171	670
50023575	30830
50024202	48294
50024204	73378
50024206	3210
50024210	16765
50024315	9207
50024447	60943
50024458	52449
50024514	73171
50024588	29067
50024589	30359
50024591	28812
50024598	29067
50024600	29067
50024607	29067
50024608	29067
50024656	66958
50024894	28915
50024968	58001
50024969	58001
50024970	58001
50025094	51102
50025405	15994
50025733	72844
50025735	15559
50025739	72847
50025741	72644
50025742	15628
50025749	72867
50025750	64017
50025753	72639
50025837	28876
50025845	64017
50026220	15354
50026259	30361
50026387	41037
50026436	39017
50026437	33135
50026440	52884
50026442	52884
50026449	18049
50026450	52884
50026452	52884
50026454	52884
50026456	52884
50026461	28986
50026462	52884
50026464	58001
50026465	58001
50026466	58001
50026467	58001
50026468	17434
50026471	133341
50026472	28262
50026473	29825
50026476	30963
50026479	63861
50026604	9342
50026636	48565
50026707	3181
50026768	29067
50026769	29067
50026770	29067
50026772	29067
50026792	29067
50026854	3082
50026868	28969
50026876	16092
50026879	73012
50027058	48565
50027062	28502
50027065	64318
50027073	28674
50027241	55340
50027323	46816
50027325	28770
50027326	28770
50027330	46816
50027331	28770
50027332	15944
50027333	46816
50027393	6807
50027473	61095
50027513	29067
50027514	29067
50027515	57738
50027516	29067
50027517	57738
50027518	29067
50027519	29067
50027520	29067
50027521	29067
50027522	29067
50027525	28209
50027536	141644
50027796	9337
50027816	3363
50027824	29067
50027825	29067
50027826	29067
50027827	29067
50027828	29067
50027829	29067
50027835	111762
50027854	50331
50027869	50331
50027882	51457
50027886	27999
50027940	140536
50027952	35859
50028058	75915
50028091	5138
50028094	9123
50028107	29067
50028108	17622
50028109	29067
50028110	29067
50028166	44241
50028197	41948
50028421	8021
50028545	73398
50028546	73398
50028547	73398
50028548	27404
50028565	15625
50028628	35322
50028638	35321
50028815	32363
50028817	17935
50028824	24574
50028829	32363
50028830	16486
50028832	16638
50028837	27265
50028842	24574
50028893	4657
50028962	42491
50029029	29067
50029030	39708
50029034	30895
50029035	38216
50029046	58001
50029050	28918
50029051	18357
50029196	69656
50029207	8062
50029209	65331
50029360	58001
50029361	58001
50029362	58001
50029364	58001
50029367	326268
50029593	73458
50029616	8983
50029764	4325
50029770	9332
50029799	28172
50030171	29067
50030173	29067
50030448	61049
50030618	33571
50030980	39579
50031299	6367
50031454	58001
50031459	26536
50031467	43572
50031472	16164
50031720	4681
50031942	584020
50032219	75261
50032238	42702
50032481	16652
50032505	16554
50032509	17431
50032675	50859
50032963	2972
50032964	2972
50033110	51141
50033111	9445
50033116	64080
50033369	2618
50033383	10124
50033437	48273
50034043	65173
50034220	75283
50034452	102484
50034562	72564
50034612	28497
50034620	61092
50034623	61092
50034712	73337
50034908	63058
50035000	59051
50035218	50305
50035403	18723
50035407	39162
50035415	28313
50035536	51689
50035612	9516
50035622	15553
50036212	22211
50036216	30838
50036222	22211
50036400	30660
50036691	75405
50036754	4975
50036913	48552
50037176	53290
50037187	53292
50037260	29067
50037261	29067
50037262	29067
50037263	29067
50037264	29067
50037265	29067
50037266	29067
50037267	29067
50037268	17126
50037269	29067
50037270	29067
50037429	53115
50038002	41033
50038069	74326
50038159	52909
50038166	32848
50038169	52909
50038175	52909
50038178	23503
50038180	18053
50038276	64137
50038691	189635
50039108	57670
50039109	29067
50039110	29067
50039111	57670
50039112	29067
50039113	57670
50039114	29067
50039115	29067
50039116	29067
50039121	15640
50039947	64149
50040065	3437
50040086	58001
50040514	29067
50040515	29067
50040516	29067
50040567	29067
50040568	29067
50040569	29067
50040570	29067
50040571	51723
50040573	51723
50040578	51723
50040929	53110
50040959	46647
50041234	18358
50041419	37495
50041457	2674
50041802	37510
50041959	64117
50042056	59540
50042058	104872
50042210	25858
50042874	30351
50042944	310312
50042949	3237
50042993	15413
50042994	48967
50043280	9434
50043603	64137
50043799	27897
50043802	68561
50043820	68561
50043821	74640
50044140	6121
50044311	48548
50044318	48266
50044444	64207
50044753	64041
50044767	46936
50044828	51723
50044849	46932
50044985	29067
50045000	100246
50045004	7731
50045036	58001
50045039	58001
50045924	17323
50045936	28814
50046139	73067
50046145	29067
50047000	48565
50047005	115239
50047014	72822
50047015	17362
50047019	28121
50047738	179557
50048128	48434
50048280	31174
50048392	3219
50048803	10119
50048891	64029
50049240	8228
50049243	64227
50049254	21848
50049259	44209
50049391	5262
50049395	75902
50049400	38747
50049572	36621
50049707	29007
50049708	471744
50049710	52909
50049719	52909
50049723	52909
50049792	72587
50049795	71406
50049796	5002
50049797	18243
50049799	350546
50049800	5002
50049949	3165
50050431	65553
50050521	41285
50050533	45910
50050852	51689
50050937	53490
50050950	65485
50050955	65484
50051190	64177
50051348	65439
50051350	34361
50051358	5070
50051435	1958
50051621	72634
50051792	58001
50051873	75170
50052024	50730
50052398	40139
50052414	64210
50052429	17964
50052549	64305
50052553	37024
50052865	35643
50053173	9421
50053596	75377
50053631	64164
50053711	7735
50054136	32315
50054139	73290
50054257	52882
50054258	52847
50054421	330772
50054541	51689
50054542	51689
50054543	51689
50054544	51689
50054545	51689
50054546	51689
50054547	51689
50054548	51689
50054549	51689
50054550	51689
50054551	51689
50054552	51689
50054553	51689
50054554	51689
50054555	51689
50054556	51689
50054557	51689
50054558	51689
50054559	51689
50054560	51689
50054561	51689
50054562	51689
50054563	51689
50054564	51689
50054565	51689
50054566	51689
50054567	51689
50054568	51689
50054569	51689
50054570	51689
50054571	51689
50054572	51689
50054573	51689
50054574	51689
50054575	51689
50054576	51689
50054577	51689
50054578	51689
50054579	51689
50054580	51689
50054581	51689
50054582	51689
50054583	51689
50054584	51689
50054585	51689
50054586	51689
50054587	51689
50054588	51689
50054589	51689
50054590	51689
50054591	51689
50054593	51689
50054594	51689
50054595	51689
50054596	51689
50054597	51689
50054598	51689
50054599	51689
50054600	51689
50054601	6402
50054602	51689
50054603	51689
50054604	51689
50054605	51689
50054606	51689
50055191	251408
50055710	40070
50055883	28579
50055885	52910
50055935	7983
50055977	3743
50056445	51164
50056456	73733
50056457	34488
50056471	64032
50056486	58961
50056488	73725
50056489	22610
50056890	52605
50056896	38453
50056900	60335
50056923	38320
50056937	30814
50056999	44445
50057512	17598
50057583	73032
50057717	58001
50057733	58001
50057760	58001
50057800	29067
50057801	29067
50058046	44915
50058058	102166
50058341	45517
50058655	4659
50059523	2341
50059862	51689
50059863	51689
50059891	28346
50059898	8428
50059901	4759
50059984	65737
50059985	67263
50059986	17226
50059989	71045
50060526	271436
50060530	3567
50060599	282662
50060635	42549
50060860	33835
50060874	5835
50060892	3686
50060894	48371
50060898	28849
50060957	28955
50060962	58001
50060963	58001
50060964	9398
50060966	72632
50060998	72631
50061056	29067
50061057	29067
50061059	29067
50061060	29067
50061101	51450
50061229	29067
50061231	29067
50061232	29067
50061233	29067
50061469	47664
50061554	9143
50061568	45652
50061625	32181
50062259	9711
50062598	8448
50062599	64312
50062614	7789
50062909	51857
50062912	6887
50062915	51860
50063300	63971
50063302	17012
50063917	50662
50064086	126598
50064136	67357
50064176	73339
50064186	22689
50064254	26536
50064278	17945
50064288	52902
50064359	9168
50064610	6804
50064885	29067
50064888	27825
50064891	69356
50064901	4932
50064902	70008
50064903	75162
50065095	29067
50065935	27986
50065976	188648
50066721	52768
50067133	63619
50067678	6716
50067718	58001
50067720	63706
50067723	15760
50067724	51164
50067783	17794
50067880	18293
50068775	18350
50069024	29067
50069025	29067
50069026	29067
50069027	29067
50069447	7494
50069664	51689
50069665	51689
50069772	65665
50069792	2423
50069985	75142
50069989	52717
50070027	74105
50070114	74947
50070217	66355
50070475	51221
50070490	31401
50070637	40719
50070882	51689
50070942	4806
50071058	63959
50071241	67848
50071392	51689
50071406	51689
50071584	29067
50071921	10335
50072064	6339
50072147	64208
50072164	75389
50072755	48281
50072976	58001
50072983	29067
50073179	291342
50073388	50123
50073389	50122
50073444	9654
50073546	29067
50073547	29067
50073548	29067
50073549	29067
50073550	29067
50073551	29067
50073552	29067
50073553	29067
50073554	29067
50073555	29067
50073682	7478
50073972	50500
50074329	15366
50074695	52288
50074922	5130
50074964	50459
50075028	52701
50075183	16595
50075649	16067
50075650	15844
50075651	16783
50076390	61939
50077229	27667
50077309	4318
50077323	29503
50077357	66548
50078114	67235
50078126	24364
50078312	3434
50078329	45265
50078821	38879
50078833	51938
50079019	29067
50079020	58001
50079021	29067
50079022	68836
50079023	58111
50079024	43945
50079025	29067
50079026	30931
50079183	29474
50079267	34653
50079401	17968
50079455	46020
50079507	34247
50079527	4710
50079658	45262
50079696	29067
50080091	36386
50080092	7466
50080093	28987
50080153	42797
50080265	74956
50080266	75442
50080272	26096
50080275	46032
50080391	73283
50080528	27641
50080818	48723
50080994	63940
50080995	34683
50081427	66625
50081701	8613
50081840	60989
50082126	58001
50082127	58001
50082140	15429
50082143	28902
50082199	50329
50083334	35633
50083376	29067
50083391	29067
50083400	29067
50083403	29067
50083854	51723
50083872	51723
50084137	64159
50084643	6503
50084681	8774
50084765	61084
50084766	61092
50084769	119915
50084956	64114
50084959	64069
50084978	6099
50084980	38747
50085006	29067
50085007	29067
50085008	29067
50085009	29067
50085010	29067
50085011	29067
50085012	29067
50085013	29067
50085014	29067
50085015	29067
50085016	29067
50085017	29067
50085018	29067
50085019	29067
50085042	5001
50085045	9753
50085047	3750
50085363	9642
50085482	58001
50085486	58001
50085487	58001
50085488	58001
50085489	58001
50085536	30778
50085683	48552
50086504	29067
50086505	29067
50086741	47351
50087289	28680
50087512	33568
50087957	29067
50088357	51088
50088360	8647
50088570	76128
50088804	50378
50089528	27666
50089541	623918
50089619	65435
50089621	65436
50089690	65732
50089748	68972
50089912	48029
50090505	64213
50090676	9362
50090850	22261
50090910	2766
50091033	4819
50091035	58001
50091473	51689
50091483	51689
50091791	52884
50091794	52884
50091797	52884
50091800	52884
50091802	52884
50091805	52884
50091808	52884
50091809	52884
50091810	52884
50091814	52884
50091815	52884
50092055	42588
50092056	17336
50092098	291902
50092158	44975
50092595	9611
50093436	29067
50093445	27727
50094262	51723
50094569	50743
50094702	16881
50094892	40448
50095889	32316
50095890	8707
50095997	50399
50095998	27704
50095999	24593
50096000	29067
50096244	48028
50096619	10037
50096873	2540
50097045	4379
50097125	9334
50097346	364453
50098237	58001
50098320	72297
50098763	73398
50099066	37537
50099118	43179
50099376	29067
50099491	70778
50099857	27777
50099869	29067
50100134	76034
50100339	68660
50100434	74921
50100516	203600
50100710	24729
50100861	36062
50100941	21285
50100942	32811
50100959	29067
50100960	29067
50100978	15831
50100979	15831
50101106	75292
50101589	29067
50101590	29067
50101591	29067
50101592	29067
50101593	29067
50101594	29067
50101595	29067
50101596	29067
50101597	29067
50101598	29067
50101600	29067
50101601	29067
50101603	29067
50101604	29067
50101607	29067
50101608	29067
50101853	15544
50101906	58001
50101979	34250
50102174	18280
50102260	5390
50102262	73828
50102442	337298
50103642	63589
50103962	65487
50103979	58497
50103980	29067
50103981	29067
50104410	52847
50104835	29067
50104841	29067
50104887	34483
50105085	7454
50105098	16714
50105262	57738
50105263	57738
50105264	57738
50105463	4883
50106148	5063
50106186	60665
50106187	28179
50106192	60717
50106373	4290
50106543	73285
50106635	63949
50106731	16494
50107741	29067
50107946	32533
50108606	28306
50108877	63630
50108879	4798
50109313	29067
50109326	60636
50109584	16375
50109603	32460
50109609	17561
50109647	391960
50110164	75408
50110398	52847
50110590	5296
50110676	44658
50110694	58001
50110927	75392
50110960	29067
50110964	29067
50110965	29067
50110999	73041
50111176	58001
50111452	29067
50111453	29067
50111589	29067
50111799	29067
50111932	29067
50112056	51581
50112086	70752
50112212	5615
50112402	29067
50113293	29067
50113296	29067
50113301	29067
50113303	29067
50113313	10072
50113436	48635
50113584	51689
50113585	51689
50113586	51689
50113590	51689
50113591	51689
50113592	51689
50113593	51689
50113595	51689
50113598	51689
50113600	51689
50113603	51689
50113607	51689
50113608	51689
50113610	51689
50113611	51689
50113612	51689
50113619	51689
50113825	29067
50113833	36306
50113838	7896
50113842	50500
50113845	26753
50115102	4907
50115617	29067
50115618	29067
50115619	29067
50115644	6950
50115732	75221
50115805	59888
50115930	51689
50115931	51689
50115932	51689
50115933	51689
50115934	51689
50115935	51689
50115936	51689
50115937	51689
50115938	51689
50115939	51689
50115941	51689
50115942	51689
50115943	51689
50115944	51689
50115945	51689
50115946	51689
50115947	51689
50115948	51689
50115949	51689
50115950	51689
50115951	51689
50115952	51689
50115953	51689
50115954	51689
50115955	51689
50115956	51689
50116067	63607
50116313	3392
50116766	8356
50117244	75612
50117249	75612
50117271	6916
50117914	5280
50117921	35553
50118093	28719
50118213	15713
50118216	18405
50118220	17422
50118221	35056
50118233	16284
50118239	17659
50118702	73248
50118778	40326
50118789	44493
50118807	39740
50118812	73286
50118886	63638
50119688	51844
50119693	43923
50120752	29067
50121061	51723
50121347	45979
50121452	29067
50121670	76061
50121924	29067
50121929	16054
50121953	50329
50121958	34367
50121975	28593
50121976	48339
50122054	64050
50122459	51689
50122460	51689
50122463	51689
50122464	51689
50122466	51689
50122467	51689
50122469	51689
50122470	51689
50122471	51689
50122472	51689
50122473	51689
50122475	51689
50122476	51689
50122477	51689
50122479	51689
50122480	51689
50122482	51689
50122483	51689
50122484	29067
50122485	29067
50122486	29067
50122487	29067
50122488	57738
50122489	29067
50122490	29067
50122565	51723
50122566	51723
50122569	51723
50122570	51723
50122572	51723
50122573	51723
50122575	51723
50122577	51723
50122578	51723
50122582	51723
50122588	51723
50122613	34665
50122812	64203
50122827	29067
50122828	29067
50122829	29067
50122830	29067
50122831	29067
50122832	29067
50122833	29067
50122834	29067
50122835	29067
50122836	29067
50122837	29067
50122838	29067
50122839	29067
50123963	51723
50124865	29067
50124866	29067
50125414	15551
50125772	18265
50125935	4910
50126763	34019
50126829	8899
50126831	39708
50126872	64177
50127138	6076
50127140	4911
50127648	37548
50128305	38449
50128572	3390
50128870	51687
50129063	17756
50129068	17656
50129194	52794
50129196	32669
50129198	32659
50129685	32630
50129716	73112
50129952	2631
50130192	15765
50130257	50932
50130273	8028
50130293	31236
50130701	18170
50130829	52065
50130880	7542
50131004	29067
50131270	5132
50131281	149226
50131434	5091
50131440	6780
50131441	51032
50131552	27565
50131593	76127
50131688	8630
50131698	27881
50131719	44932
50131720	36674
50131862	48108
50131869	32412
50131993	52939
50132101	27943
50132137	6032
50132165	46647
50132295	31521
50132298	75179
50132299	40154
50132300	30821
50132584	51689
50132615	70721
50132818	51723
50133231	64629
50133421	37550
50133496	17226
50133512	51038
50133923	64191
50134030	33534
50134035	41237
50134038	4754
50134315	5385
50134378	32700
50134397	17821
50134722	40933
50135091	46026
50135165	71224
50135171	71227
50135527	28201
50135836	46557
50135883	6916
50135884	6916
50135912	7573
50136166	5118
50136306	61077
50136671	36796
50136674	36797
50136680	36796
50136957	29067
50136958	29067
50136959	57738
50136960	29067
50136961	58001
50136962	57738
50136963	29067
50136964	57738
50136965	57738
50136966	29067
50136968	57738
50136969	29067
50136971	57738
50136972	29067
50136974	29067
50136976	29067
50136977	29067
50136978	57738
50136980	57670
50136981	29067
50136983	58001
50136985	29067
50136986	58001
50136987	29067
50136988	29067
50136989	57738
50136990	29067
50136993	29067
50136994	29067
50136995	29067
50136996	29067
50136997	29067
50136998	58001
50136999	29067
50137000	57738
50137001	57670
50137002	29067
50137003	29067
50137004	57738
50137005	57738
50137006	58001
50137007	29067
50137009	29067
50137010	29067
50137011	29067
50137012	29067
50137014	29067
50137015	57738
50137016	57738
50137017	29067
50137018	29067
50137019	57738
50137020	58001
50137021	29067
50137022	73834
50137023	356416
50137024	58001
50137025	58001
50137026	29067
50137027	29067
50137029	29067
50137030	29067
50137034	58001
50137035	15887
50137036	29067
50137037	29067
50137038	57738
50137040	29067
50137041	57738
50137042	58001
50137044	17201
50137046	57738
50137047	29067
50137048	57738
50137049	58001
50137050	29067
50137051	57670
50137506	29865
50137629	29067
50137860	2424
50138691	123115
50138936	51723
50139181	9150
50139366	28671
50139367	16008
50139371	17169
50139688	43541
50139772	28445
50139803	38568
50139804	8768
50139808	6923
50139811	6923
50139812	38567
50139858	16548
50139892	73630
50139894	73635
50139896	3534
50140257	10043
50140502	51752
50141145	51723
50141146	51723
50141151	51723
50141221	29067
50141222	29067
50141223	29067
50141224	29067
50141225	30814
50141226	29067
50141227	29067
50141230	29067
50141232	29067
50141233	29067
50141238	29067
50141240	29067
50141241	29067
50141247	51723
50141302	51723
50141589	51689
50141600	51689
50142185	65009
50142192	70031
50142193	27479
50142287	75016
50142499	17728
50142500	16811
50142711	29067
50142839	31836
50142861	31836
50143010	9334
50143021	32916
50143282	4055
50143426	50186
50143558	68584
50144936	45327
50144945	69426
50144950	29014
50145508	73458
50145605	10101
50145829	30753
50146070	16151
50146453	48541
50146456	47925
50146458	61116
50146462	18176
50146520	28475
50146550	46548
50146604	51689
50146605	51689
50146606	51689
50146608	51689
50146609	51689
50146612	51689
50146613	51689
50146615	51689
50146617	51689
50146620	51689
50146621	51689
50146622	51689
50146623	51689
50146625	51689
50146626	51689
50146627	51689
50147086	46311
50147102	15761
50147110	271685
50147112	17059
50147120	21763
50147122	63035
50147178	53721
50147474	48607
50147554	23870
50147566	23580
50147567	32930
50147579	63866
50147580	25457
50147581	28875
50147884	58001
50147894	58001
50147897	29067
50147902	58001
50147924	58001
50148234	51723
50148235	51723
50148236	51723
50148334	49033
50148348	62837
50148573	28821
50148732	7627
50148733	47564
50148747	64086
50148777	58896
50148786	29067
50148790	58896
50148911	9908
50149202	46068
50149215	51246
50149238	35447
50149248	43040
50149405	29067
50149879	7907
50149881	2914
50149888	41934
50149889	9939
50149890	44296
50149892	74835
50149893	8405
50150483	32386
50150484	16196
50150779	52879
50150780	7625
50150783	53291
50150789	52879
50150790	33218
50150792	52879
50150793	33217
50150795	52879
50151720	408174
50151858	51329
50151860	60728
50151864	50659
50151865	63687
50151982	70707
50152850	15756
50152965	29813
50152967	29922
50152968	18407
50152970	29794
50152971	30257
50153013	51804
50153015	70255
50153289	35864
50153713	443725
50153977	36825
50153979	38220
50154375	63580
50154602	32732
50154716	64203
50155411	37647
50155420	3008
50155426	65480
50155447	7622
50155533	32139
50155534	37585
50155535	17672
50155536	29377
50155537	37583
50155538	18245
50155656	42478
50156087	43424
50156160	43830
50156567	63624
50156693	17488
50156760	73158
50157741	30270
50158336	63115
50158348	37550
50158389	28051
50158460	3023
50158537	29067
50158581	2453
50158841	74926
50159165	67900
50159240	48632
50159241	51139
50159243	51139
50159245	52879
50159247	48608
50159248	48612
50159249	16482
50159250	51139
50159252	34269
50159256	20140
50159257	34251
50159260	51138
50159263	28618
50159265	28617
50159266	28851
50159270	51139
50159271	27757
50159272	51139
50159274	48614
50159275	34065
50159279	51138
50159280	34052
50159780	29877
50159781	36263
50159782	29908
50159783	75224
50159785	36272
50159786	48266
50159787	29881
50159788	48266
50159790	29904
50159791	17322
50159792	15361
50159793	18245
50159794	75228
50159797	15792
50159798	15595
50159799	53258
50160160	68992
50160719	38545
50160720	16831
50160721	72700
50160766	29067
50160767	29067
50160768	29067
50160769	29067
50160770	29067
50160771	29067
50160772	29067
50160773	29067
50160774	29067
50160775	29067
50160776	29067
50160777	29067
50160778	29067
50160779	29067
50160780	50690
50160781	29067
50160782	29067
50160783	3558
50160784	29067
50160785	29067
50160786	29067
50160787	29067
50160788	29067
50160789	29067
50160791	29067
50160792	29067
50160793	29067
50160794	38565
50160795	29067
50160796	29067
50160797	29067
50161646	65353
50162287	135511
50162319	58001
50162803	41593
50162815	37712
50162816	43945
50162819	17672
50163023	21891
50164077	30119
50164078	30946
50164079	39288
50164081	30118
50164083	37189
50164089	30201
50164168	4917
50164279	64356
50164448	48032
50164648	18077
50165008	9622
50165019	7856
50165159	58001
50165160	58001
50165162	58001
50165163	58001
50165167	58001
50165168	58001
50165172	58001
50165173	58001
50165174	58001
50165175	58001
50165176	58001
50165177	58001
50165178	58001
50165179	58001
50165180	58001
50165181	58001
50165182	58001
50165183	58001
50165184	58001
50165185	58001
50165186	58001
50165346	46557
50165699	36219
50165726	4139
50165749	48266
50165862	29484
50165964	46557
50166571	9328
50166741	29067
50166886	43943
50167286	65443
50167576	48565
50167696	8277
50167777	28475
50167939	16716
50167940	35260
50167941	41921
50167945	42630
50167948	35858
50167949	34276
50167951	16101
50167952	52879
50167953	51649
50167954	43261
50167957	44194
50167958	27526
50167993	17915
50167996	48609
50167998	37911
50168002	17097
50168003	27930
50168010	52939
50168283	17445
50168988	42787
50168995	73400
50169001	42697
50169044	47835
50169047	5855
50169048	6128
50169114	74762
50169117	29067
50169123	29067
50169126	74557
50169127	73446
50169128	73696
50169129	74879
50169130	29067
50169131	29067
50169132	73394
50169133	29067
50169134	72723
50169136	74538
50169138	61872
50169139	29067
50169141	73646
50169147	73703
50169148	29067
50169150	29067
50169151	73580
50169152	29067
50169155	73849
50169160	73710
50169161	29067
50169163	29067
50169164	74801
50169166	73826
50169172	29067
50169173	73521
50169174	29067
50169176	29067
50169178	75005
50169180	73645
50169182	29067
50169186	29067
50169187	29067
50169189	70744
50169190	29067
50169192	73313
50169195	74756
50169197	74991
50169198	29067
50169200	29067
50169205	29067
50169208	29067
50169210	73757
50169211	29067
50169213	4047
50169216	29067
50169217	73829
50169219	29067
50169220	29067
50169222	17201
50169223	29067
50169457	73420
50169689	29067
50169690	29067
50169691	29067
50169743	31638
50170061	50500
50170391	51723
50170640	3752
50170644	3752
50170653	16827
50170654	50148
50170723	3614
50170831	70723
50171269	8614
50171289	8102
50171296	75913
50172233	29067
50172473	38666
50172479	5130
50172537	58001
50172538	9468
50172539	58001
50172541	58001
50172755	51583
50173884	60328
50174201	4509
50174224	58718
50174225	29067
50174226	29067
50174558	27510
50175012	66649
50175016	65686
50175095	51689
50175097	51689
50175099	51689
50175873	66683
50175892	66682
50176052	37325
50176062	8597
50176065	73340
50176072	27451
50176259	75725
50176260	75725
50176261	75725
50176891	15414
50176893	76023
50177405	18346
50177408	67410
50177409	28032
50177411	17597
50177412	50336
50177983	73158
50177986	73158
50178917	101853
50179185	28850
50179693	68662
50179720	55484
50179721	439819
50181473	64355
50182677	51723
50182678	51723
50182679	51723
50182680	51723
50182681	51723
50182682	51723
50182683	51723
50182684	51723
50182686	51723
50182687	51723
50182688	51723
50182690	51723
50182691	51723
50182692	51723
50182693	51723
50182694	51723
50182696	51723
50182697	51723
50182698	51723
50183273	72289
50183600	16697
50183613	16697
50184368	27775
50185127	15939
50185449	66725
50186231	4876
50186267	17622
50187132	68329
50187243	4903
50187658	75718
50187665	71224
50187668	5078
50188479	74876
50188480	61695
50188483	73604
50188484	63961
50188485	73808
50188486	73930
50188490	73831
50188491	73912
50188492	73514
50188493	73804
50188496	73531
50188497	74058
50188498	74870
50188499	73921
50188500	74051
50188501	74791
50188502	73450
50188503	73807
50188504	73803
50188505	74792
50188507	73505
50188508	73517
50188510	73648
50188511	73832
50188512	74564
50188513	73909
50188514	73847
50188515	73653
50188519	74990
50188521	73704
50188523	73395
50188524	74878
50188526	74877
50188527	75006
50188528	73846
50188529	73801
50188530	73855
50188531	73607
50189617	45293
50190539	35035
50191128	51723
50191342	50170
50191348	28195
50191355	50171
50191367	71956
50191588	22584
50192229	31448
50192453	16027
50192455	30931
50192459	15422
50192694	3638
50193718	67850
50193863	51689
50193995	71200
50194153	17239
50194437	59956
50194620	48530
50195067	51689
50195587	43362
50196926	66309
50197007	51613
50197423	73420
50198309	75384
50198715	29063
50199184	47131
50199190	74773
50200094	30755
50200099	9555
50200182	17823
50200186	58990
50200542	69746
50201883	16411
50202301	70649
50202322	76
50202620	64721
50202622	32484
50202829	38319
50203065	16731
50203069	61722
50203072	73224
50203122	22998
50203126	16118
50203188	575568
50203746	38747
50204265	4513
50204912	66399
50204913	64398
50204915	66398
50204936	51658
50205308	4450
50205372	52879
50205413	27791
50205415	63550
50205416	17625
50205990	7872
50206006	17313
50206257	69280
50206434	16866
50206443	49770
50206506	73141
50206509	8426
50206767	58001
50206791	58001
50207159	48551
50207303	472552
50207446	73044
50208249	38760
50208611	50209
50208826	67245
50208872	15890
50208875	479072
50208879	40235
50208880	40205
50208946	65500
50209218	9400
50209310	58001
50209311	58001
50209569	17377
50209659	18066
50209660	67168
50209662	16264
50209665	17200
50209666	35451
50209668	18307
50210140	29067
50210259	28125
50210804	7956
50211193	16547
50211362	74739
50211952	65471
50211965	65470
50212288	39169
50212325	43876
50212392	66482
50212399	66483
50212599	70101
50212731	64064
50212927	39959
50213098	149226
50213103	149226
50213106	149226
50213114	149226
50213729	32795
50213732	497734
50213735	16163
50213927	50099
50214608	51672
50214610	34317
50214744	17620
50214969	67547
50215444	39506
50215926	65373
50216172	110423
50216297	4781
50216502	75382
50216522	74741
50216541	71311
50216679	47495
50216682	43385
50217941	7959
50217942	28527
50218196	67894
50218197	27693
50218200	67939
50218206	40117
50218812	5722
50218940	487869
50219348	15603
50219487	36108
50219498	68555
50219502	18305
50220010	52136
50220136	499361
50220832	44485
50221066	6601
50221678	75401
50221768	31601
50221815	29067
50221816	29067
50221873	66833
50221993	50686
50222010	27953
50222205	67895
50222303	74957
50222771	67113
50223177	73467
50223237	2710
50223368	28689
50223783	69542
50224854	45030
50225074	71272
50225189	52884
50225211	503442
50225220	30660
50226181	28368
50226460	68038
50226462	519990
50226518	42682
50226664	15920
50226669	16096
50228080	9241
50228401	45565
50228403	68610
50228905	15361
50229596	73290
50229665	6801
50229786	47417
50229961	52310
50229993	30256
50230418	60111
50231945	15652
50232478	66667
50233301	53013
50233538	30853
50236237	23220
50236238	16325
50236240	541975
50236527	33992
50236697	2719
50236986	27632
50237710	52172
50240347	27432
50240348	15401
50240369	28591
50240374	31599
50240382	37487
50240383	28323
50240386	17549
50240399	43562
50240408	32363
50240409	52993
50240410	9738
50240416	27827
50240424	4887
50240425	35677
50240426	8232
50240430	52879
50240432	27607
50240433	3440
50240437	3243
50240451	50329
50240453	57738
50240459	28472
50240464	74869
50240484	4710
50240485	28842
50240510	39669
50240512	69832
50240514	50931
50240520	17484
50240579	28921
50240609	3347
50240614	67493
50240618	51043
50240648	6384
50240671	63629
50240680	3112
50240697	266039
50240798	75172
50240803	15903
50240843	40782
50240849	36704
50240850	351346
50240866	70133
50240892	31028
50240896	16860
50240897	18010
50240914	65004
50240921	6698
50240948	28411
50240969	420128
50240986	4791
50241029	36706
50241052	18082
50241084	16514
50241106	17712
50241107	31515
50241108	4495
50241221	18414
50241242	27994
50241243	30200
50241245	27794
50241264	65684
50241265	35940
50241296	63892
50241315	68233
50241333	59788
50241341	5790
50241354	68352
50241356	9380
50241361	50673
50241364	48416
50241367	67486
50241408	28777
50241416	2368
50241453	67548
50241487	2873
50241488	27482
50241503	27843
50241530	69442
50241532	68103
50241553	66772
50241571	3206
50241582	28819
50241687	65680
50241688	65681
50241692	65682
50241693	65683
50241702	6605
50241703	73380
50241720	67818
50241727	72821
50241751	3104
50241809	70637
50241937	543841
50241940	3941
50241943	5171
50241944	67823
50241945	69958
50241949	4324
50241952	29608
50241953	16415
50241955	10352
50241956	10213
50241985	68322
50242095	66050
50242106	70453
50242128	9402
50242173	2981
50242176	66153
50242184	67731
50242186	66654
50242187	70531
50242189	66532
50242208	68168
50242217	63462
50242229	66769
50242238	2440
50242273	64499
50242279	3884
50242280	66395
50242284	61278
50242285	31788
50242348	42504
50242349	28364
50242377	66071
50242402	58968
50242405	17588
50242419	2181
50242818	66770
50242856	27751
50243104	73410
50243888	17540
50244093	16087
50244355	16566
50244879	73058
50246418	66150
50246598	8080
50246751	51723
50246936	8499
50247676	10106
50247823	29067
50247825	29067
50248691	6682
50249069	16204
50249070	64344
50249140	67591
50249188	67600
50249522	66903
50250234	65934
50250341	67896
50250399	66666
50250483	65474
50250504	27395
50250521	65762
50250671	66181
50250899	68381
50250904	27997
50250917	49080
50250989	4916
50251393	70069
50251868	39176
50252054	28463
50252093	568021
50252618	568802
50253053	70685
50253090	38483
50253134	34283
50253157	3738
50253200	69529
50253754	64043
50257201	17272
50257204	15595
50257205	16651
50257635	67554
50258036	51723
50258756	51723
50259759	51723
50259817	4354
50259935	66017
50259972	69797
50259982	65819
50259983	65769
50260057	70253
50260072	66073
50260106	66349
50260180	52242
50260196	62769
50260251	62459
50260535	18040
50260723	36751
50261173	52847
50262140	28744
50262181	8081
50262234	3757
50262290	58001
50262291	58001
50262294	58001
50262295	58001
50262988	2627
50263183	51686
50265220	29067
50265236	29067
50265237	29067
50265459	70824
50265825	66610
50265951	32184
50266095	48076
50266334	29067
50266386	29067
50266444	29067
50266477	29067
50266478	29067
50266479	29067
50266506	29067
50266507	29067
50266508	29067
50266509	29067
50266510	29067
50266632	74868
50266680	74866
50266681	74871
50266702	29067
50266704	597326
50266705	29067
50266706	29067
50266708	75323
50266727	29067
50266728	29067
50267036	15333
50268986	51723
50269016	73222
50269039	51723
50269224	53488
50269234	51689
50269414	27891
50269516	68345
50269530	27781
50269531	28716
50269532	28661
50269533	73731
50269534	53486
50269535	53460
50269612	16220
50269617	3918
50269679	69343
50269844	65816
50269962	28484
50269963	64669
50269964	50329
50269965	22733
50269966	29067
50269982	24574
50269984	60335
50269985	18005
50269986	17385
50269993	15999
50269995	29067
50269996	606564
50269997	57670
50269998	7719
50270004	443725
50270006	64703
50270008	51811
50270009	51897
50270010	9300
50270017	29067
50270018	29067
50270019	52836
50270020	37954
50270021	17859
50270022	17128
50270275	37054
50270875	45900
50271143	66698
50272239	51723
50272489	66022
50272490	66023
50273238	29067
50273239	29067
50273571	70726
50273604	17571
50273974	55522
50273975	16763
50273976	28644
50273977	51703
50274057	67600
50274088	67591
50274474	69279
50274475	69281
50274515	16348
50274531	63996
50274681	35694
50274760	68609
50275297	50500
50275341	20141
50275506	67826
50275563	28548
50275807	61667
50275889	617099
50276351	15421
50276568	4474
50276826	65790
50277889	65347
50278139	51723
50278316	18361
50279753	9948
50279779	4055
50279832	16289
50279834	16070
50279836	73396
50279837	63758
50279941	29067
50280031	73400
50280155	133809
50280157	8066
50280239	29067
50280240	29067
50280241	29067
50280242	17052
50280794	52909
50280796	52909
50280803	52909
50281073	29067
50281076	29067
50281096	75307
50281158	51723
50281159	51723
50281160	51723
50281274	29067
50281341	16257
50281349	27744
50281511	65444
50281572	17553
50281657	3354
50281878	51689
50281988	17052
50281990	16257
50281998	16119
50282186	74799
50282190	74072
50282198	74993
50282617	32003
50282758	55515
50283191	51752
50283226	51752
50283538	29067
50283540	29067
50283576	29067
50284021	51723
50284028	51723
50284584	18156
50284960	27273
50284985	508
50286525	29067
50286739	472805
50286920	6908
50286926	34690
50287274	29067
50287275	29067
50287276	29067
50287277	29067
50287387	29067
50287388	29067
50287483	58001
50287705	29067
50287706	58001
50287707	51689
50287708	51689
50287709	51689
50287710	29067
50287711	29067
50287712	29067
50287713	29067
50287714	29067
50287715	29067
50288254	29067
50288255	28683
50288310	29067
50288311	29067
50288312	29067
50288313	29067
50288314	29067
50288315	29067
50288316	29067
50288317	29067
50288318	29067
50288319	29067
50289118	8247
50289477	58001
50289501	29067
50289502	29067
50289505	29067
50289523	72959
50289534	29067
50289535	29067
50290084	31174
50290173	29067
50290174	29067
50290175	29067
50290176	29067
50290287	36306
50290529	29067
50290530	29067
50290531	29067
50290532	29067
50290533	29067
50290580	29067
50290686	7025
50291713	17728
50291963	52847
50291989	9611
50291990	9611
50292219	9599
50292251	3504
50292332	16096
50292340	70499
50292341	70515
50292362	66516
50292369	68321
50292375	119
50292378	37209
50292401	28801
50292408	28666
50292425	52680
50292443	68326
50292446	66557
50292452	70650
50292463	18417
50292474	32499
50292504	18334
50292505	15883
50292538	48845
50292549	16777
50292571	44470
50292574	69042
50292579	66739
50292591	65902
50292592	65904
50292595	65903
50292708	8435
50292722	28895
50292723	28070
50293086	43467
50293598	71026
50293603	70169
50294029	51094
50294169	73398
50294170	73398
50294480	17010
50294528	67898
50294757	29067
50294758	29067
50294759	29067
50294761	29067
50294835	62883
50295287	71941
50295557	4562
50295558	9331
50295560	50054
50295562	8489
50295847	44722
50295859	43513
50295860	45823
50296331	65344
50296358	157175
50296469	68031
50296861	34471
50297387	15650
50298225	52309
50298230	66396
50298231	66397
50298239	36028
50298711	28507
50298785	16294
50298786	33202
50298787	64001
50299414	8602
50299728	51723
50299729	51723
50299730	51723
50299731	51723
50300126	63836
50300620	51723
50301374	52879
50301375	18332
50302225	36791
50302541	32818
50303499	5679
50303500	28184
50303504	73908
50303507	45075
50303515	39857
50303766	30915
50303901	34063
50303914	59038
50303915	17922
50303916	16904
50304030	18066
50304031	63061
50304068	66034
50304069	66027
50304071	28103
50304072	28631
50304073	68657
50304165	17575
50304358	71977
50304447	60717
50305318	38620
50305939	39345
50306682	64310
50306855	2825
50307105	52333
50308386	21371
50308551	17043
50308719	5885
50309587	32630
50309588	27747
50309605	65721
50309799	29067
50310446	17177
50310540	17361
50310718	69581
50310722	69584
50310723	69589
50310823	70476
50310824	70475
50311534	50869
50311537	73400
50311538	73400
50311583	17556
50311662	1189
50312648	28927
50312718	49203
50313645	50915
50313650	67271
50313764	31742
50313986	69476
50315100	68656
50316126	63845
50316302	74655
50316303	63730
50316304	17825
50316608	50054
50317427	10136
50317431	15648
50317536	67990
50317537	67991
50317539	67988
50317541	67989
50318022	17659
50318159	68575
50318300	31547
50318453	4488
50318482	15409
50318484	69478
50318485	3359
50318487	69477
50318488	53556
50318489	41607
50318491	15545
50318492	58972
50318493	7575
50318494	7582
50318512	59858
50318513	51845
50318567	62878
50318909	3749
50319629	65820
50319771	681850
50320449	10112
50320830	35169
50321726	29067
50322750	69375
50322823	61390
50323199	5353
50323206	9050
50323212	8881
50323213	3960
50323214	5721
50323702	43362
50323738	30348
50323740	39618
50323741	18127
50323742	30629
50323743	53510
50323751	39501
50323770	75382
50324666	61711
50324671	63053
50324678	71241
50325274	4670
50325566	22744
50325572	52879
50325671	28412
50325672	74960
50325673	27552
50325674	67492
50325824	17775
50325939	69098
50325943	69087
50326018	53065
50326053	63452
50326056	68595
50326776	28135
50326777	16587
50326997	38701
50326998	28510
50327036	16112
50327911	69558
50328021	9008
50328680	26533
50328695	70648
50328696	70651
50329190	16404
50329257	51723
50329319	48078
50330231	51723
50330325	42191
50330409	47943
50330437	16905
50330762	69992
50330794	10447
50331104	29067
50331544	27616
50331545	28928
50331791	16009
50331852	59771
50331856	68883
50332196	38002
50332206	51688
50332731	66578
50332929	17013
50332939	70318
50332940	70319
50333117	10023
50333465	2376
50333645	68643
50333646	4868
50333749	8346
50333750	30952
50333753	278547
50333754	32030
50333755	32588
50333756	32149
50333757	66872
50334061	66503
50334064	65858
50334066	66504
50334068	70308
50334069	70301
50334071	66505
50334074	70316
50334075	70317
50334076	70310
50334077	70305
50334078	70309
50334150	8212
50334309	31568
50334369	51723
50334370	51723
50334371	51723
50334372	51723
50334788	5062
50334960	9907
50335291	18255
50335519	28001
50335522	6472
50335562	27939
50335563	209807
50335564	73452
50335578	70455
50335580	70458
50335581	70459
50335582	70460
50335583	66484
50335584	70421
50335585	70422
50335586	70423
50335587	70424
50335588	70425
50335590	70427
50335591	70428
50335592	70429
50335593	70430
50335594	70469
50335595	70470
50335597	70474
50335598	70579
50335599	70580
50335600	70581
50335601	70582
50335602	70583
50335603	70584
50335604	70587
50335606	70261
50335808	17189
50335899	70148
50335900	70149
50335901	70150
50335902	70151
50335903	70152
50335904	70153
50335905	70159
50335906	70160
50335907	70185
50335908	70186
50335909	70187
50335910	70188
50335913	70164
50335914	70165
50335915	70166
50335916	70167
50335918	70195
50335919	70197
50335920	67246
50335921	70198
50336272	31162
50336273	5004
50336483	69044
50336487	296881
50336488	59114
50336490	39912
50336491	30764
50336507	6030
50336509	43923
50336640	7565
50336799	45906
50337134	60325
50337278	34756
50337364	30816
50338661	67369
50338662	67374
50338982	9948
50339132	9544
50339146	68374
50339147	68340
50339148	68341
50339149	68343
50339151	70018
50339152	70019
50339153	70020
50339154	70021
50339155	70022
50339156	70023
50339157	70007
50339158	70025
50339159	70026
50339185	7476
50339585	1879
50339586	18101
50339814	63004
50339815	26710
50339816	63005
50339817	26709
50339818	33167
50339819	28741
50339943	2628
50340058	16135
50340069	27893
50340070	17861
50340074	17879
50340076	17836
50340481	521033
50340642	67559
50340677	46345
50340678	60761
50341142	15714
50341205	68293
50341206	68295
50341448	2950
50341879	27791
50342517	29067
50342600	8874
50342818	64030
50343352	10033
50343998	29067
50343999	29067
50344942	42355
50344957	17290
50344958	21547
50344959	791
50344961	48709
50344962	17084
50344965	3650
50345336	67343
50345338	67345
50345339	67346
50345340	67347
50345502	70619
50345540	67416
50345541	67417
50345542	67418
50345543	67419
50345544	67420
50345576	67733
50345577	67732
50345578	67736
50346333	67545
50346334	67549
50346335	65646
50346422	31981
50346433	51024
50346601	37659
50346623	50481
50346811	38884
50346881	39585
50347135	28426
50347136	28436
50347137	25863
50347138	6674
50347139	28090
50347140	75314
50347142	75318
50347144	6584
50347536	67396
50347537	67397
50347538	67398
50347539	67399
50347540	67400
50347541	67401
50347542	67402
50347543	67555
50347544	67556
50347545	67557
50347546	67866
50347547	67558
50347620	75246
50347862	51723
50348848	73644
50348850	74076
50348852	74750
50348854	73809
50348857	73771
50348865	73591
50348866	73701
50348891	51723
50349518	69499
50349817	67404
50349818	67405
50349819	67406
50349820	67407
50349821	67408
50349822	67415
50349823	67414
50349824	67413
50349825	67412
50349826	49211
50349827	67411
50349828	67409
50349829	69732
50349974	69743
50349975	69750
50350089	68191
50350090	68186
50350091	68187
50350092	68189
50350107	40454
50350241	17566
50350309	57689
50350310	57689
50350311	40536
50350459	73317
50350464	2676
50350465	28971
50350467	3479
50350468	3480
50350469	3545
50350470	59349
50350471	3489
50350473	29067
50350474	31444
50350476	4511
50350482	74707
50350483	7809
50350644	38817
50350789	3215
50350790	3215
50350791	3215
50350910	69897
50350911	69898
50351096	29073
50351158	17925
50351160	69278
50351161	69283
50351163	69285
50351164	69286
50351165	69287
50351166	69288
50351167	69289
50351168	69290
50351169	69291
50351170	69292
50351171	69282
50351172	49644
50351512	44534
50352162	27798
50352165	18019
50352478	69193
50352479	69194
50353023	69313
50353024	69314
50353025	69315
50353026	69317
50353027	69318
50353028	69319
50353029	69320
50353030	69322
50353031	69323
50353032	69316
50353062	67144
50353094	69479
50353587	52909
50354822	38616
50354823	38618
50354849	31441
50354850	3207
50354851	74899
50355305	69034
50355306	69035
50355307	69036
50355376	31602
50355395	69546
50355396	69548
50355397	69547
50355398	69549
50355400	69550
50355401	69551
50355495	63450
50355501	66919
50355787	69021
50355788	69023
50355789	69024
50355790	69025
50355791	69026
50355792	69027
50356011	74407
50356923	68858
50356925	66595
50357208	16737
50357209	28397
50357210	35621
50357211	16586
50357212	17822
50357213	16889
50357214	50120
50357215	18314
50357216	27477
50357217	40599
50357219	63638
50357220	15891
50357222	59652
50357223	28804
50357224	16313
50357225	38108
50357226	41139
50357227	17519
50357228	17964
50357229	16919
50357230	16231
50357231	75592
50357232	64564
50357233	18240
50357313	51723
50357314	51723
50357392	75547
50357395	68383
50357676	69813
50358080	16118
50358747	73398
50358748	73398
50358966	68908
50358967	68909
50358968	68910
50359303	69065
50359304	69066
50359310	68878
50359311	68879
50359312	68880
50359313	68881
50359314	68882
50359499	6809
50359688	51689
50359689	51689
50359690	51689
50359691	51689
50359692	51689
50359693	51689
50359694	51689
50359695	51689
50359696	51689
50359697	51689
50359698	51689
50359699	51689
50359700	51689
50359701	51689
50359702	51689
50359703	51689
50359704	51689
50359705	51689
50359706	51689
50359707	51689
50359708	51689
50359709	51689
50359766	58987
50359942	73172
50359988	69067
50359989	69073
50359990	8600
50360021	73261
50360523	63112
50360796	37965
50360797	16545
50360798	38118
50361247	8746
50361375	69041
50361376	69830
50361377	69829
50361378	15709
50361386	28853
50361393	437678
50361397	69040
50361471	17084
50361477	28112
50361999	15414
50362544	340863
50362545	340863
50362650	66359
50362839	65751
50362886	16954
50362887	65460
50362895	17015
50362897	43661
50363397	68647
50364075	63949
50364076	63949
50364355	51689
50365006	67218
50365357	8687
50366032	33214
50366033	3903
50366034	18289
50366038	36584
50366237	67521
50366285	15834
50366289	15723
50366348	43385
50366389	27412
50366413	44897
50366473	16330
50366477	17407
50366480	15422
50366495	73298
50366524	17474
50366565	16217
50366567	127342
50366619	2668
50366763	16171
50366775	3048
50366778	28864
50366814	16750
50366815	17596
50366816	421707
50366817	63577
50366822	9212
50366824	63611
50366826	7731
50366855	65618
50366882	2896
50366922	17016
50366979	17310
50367032	16213
50367033	15346
50367055	22526
50367094	15698
50367247	15854
50367254	4786
50367332	30449
50367343	27470
50367479	72639
50367502	3697
50367848	9460
50367879	43755
50367916	379896
50368125	16761
50368146	8361
50368166	8713
50368267	28098
50368315	69818
50368351	74619
50368352	41977
50368780	6805
50368781	27902
50369127	16356
50369175	52847
50369395	6427
50369454	28616
50369528	65310
50369964	50749
50369965	59224
50370142	40532
50370210	63964
50370232	28077
50370376	39723
50370388	147675
50370411	27509
50370414	6780
50370415	4331
50370453	18018
50370459	609827
50370573	68641
50370584	27446
50370585	3547
50370586	3510
50370587	474053
50370588	52060
50370589	599928
50370590	61616
50370591	29067
50370592	554446
50370595	7852
50370662	65324
50370704	31399
50370831	244418
50370984	2369
50371229	71258
50371232	65585
50371233	66669
50371235	50867
50371236	64159
50371521	49040
50371946	34687
50371947	17747
50373036	16054
50373066	17719
50373220	71225
50373697	15372
50373698	71622
50373877	18385
50373918	2955
50373919	2948
50373920	3745
50373979	52847
50373980	52879
50373981	52879
50374005	52077
50374533	46690
50375309	6909
50375319	16581
50375418	55552
50375424	71025
50375464	75711
50375558	27727
50375559	16814
50375561	28952
50375575	17864
50375577	73676
50375581	17639
50375583	35421
50375584	36238
50375587	27471
50375588	37998
50375589	17687
50375590	36274
50375592	9410
50375593	36259
50375594	28865
50375595	16525
50375596	363227
50375598	52030
50375599	28834
50375608	51689
50375609	51689
50375610	51689
50375611	51689
50375612	51689
50375613	51689
50375614	51689
50375615	51689
50375616	51689
50375617	51689
50375654	40167
50376168	39078
50376364	28824
50376458	39476
50376463	32915
50376514	50330
50376749	37447
50376751	30754
50377117	30692
50377446	63684
50377454	63681
50377463	63681
50377919	6123
50377921	29321
50377927	6570
50377928	73410
50377929	34609
50377930	18208
50377942	68905
50377944	66151
50377946	66559
50377957	73364
50377958	7936
50377984	6359
50378032	65990
50378034	69017
50378136	2781
50378141	33070
50378142	1808
50378143	28854
50378144	75370
50378533	60893
50378534	75426
50378581	69657
50378582	16778
50378583	71978
50378615	17225
50378739	45453
50378783	3749
50378884	16933
50378887	70199
50378910	66254
50379298	39158
50379791	4918
50380162	27945
50380205	66640
50380363	71954
50381226	37316
50382970	62882
50383274	61400
50383305	65739
50383307	65739
50384264	17489
50384998	66331
50385113	32909
50385525	64437
50386168	52879
50386169	52879
50386177	16579
50386689	5779
50386852	51689
50386885	73274
50386897	28917
50387480	52694
50388477	28043
50388495	50170
50388516	27771
50389675	72651
50389796	140261
50390007	62412
50390677	17778
50390969	17241
50390979	63827
50390988	48430
50390989	16530
50390990	15344
50390991	4822
50390992	59912
50390993	10276
50390994	59919
50390997	27624
50390998	27696
50390999	3493
50391007	15641
50391059	70684
50391061	71457
50391109	35607
50391855	30815
50391880	69253
50391881	69245
50391882	69246
50391883	69254
50391884	69255
50391885	69247
50391887	69252
50391889	69249
50391890	69250
50391992	66917
50392268	51723
50392269	51723
50392270	58001
50392477	15908
50392532	46742
50392637	64094
50392638	64094
50392858	74803
50392993	69241
50393075	28536
50393308	4356
50393326	9635
50393327	59115
50394662	36331
50394667	68235
50394837	51232
50395135	28931
50396007	9951
50396293	43275
50396483	63637
50396691	18292
50397205	68558
50397208	34543
50397434	65374
50397557	364453
50397558	364453
50397662	37941
50398447	4953
50398608	48045
50398699	16695
50398935	64110
50399457	46889
50399473	51723
50399539	65138
50400183	37502
50400184	2755
50400815	9943
50400816	9943
50400859	51689
50401019	29067
50401672	4639
50402848	51689
50402849	51689
50403025	73067
50403026	68830
50403027	73039
50403032	29067
50403033	29067
50403034	29067
50403035	50418
50403163	28171
50403194	51689
50403547	16684
50403649	63937
50403871	17659
50403994	52847
50403995	52847
50404044	3732
50404160	29067
50404252	490877
50404459	73617
50404476	351351
50404792	143310
50404796	4856
50404862	128458
50404945	39466
50404948	3082
50405204	16458
50405230	55502
50405310	262350
50405313	63798
50405315	73914
50405318	60717
50405323	64821
50405324	49410
50405326	10589
50405521	3082
50405933	17927
50405938	17768
50406639	53788
50406640	53790
50407152	48565
50407398	68639
50407420	73611
50407421	74080
50407423	73516
50407433	73920
50407434	74066
50407438	74075
50407444	73699
50407453	74814
50407455	73848
50407456	74534
50407458	73632
50407459	74120
50407462	73922
50407463	73898
50407465	73907
50407466	73527
50407517	64317
50407518	64317
50407519	50338
50407981	36729
50407985	51689
50408319	27785
50408324	34221
50408345	34204
50408357	1367
50408362	28145
50408383	34202
50409029	42202
50409313	7775
50409533	38506
50409535	955
50409547	52879
50409665	25580
50409671	51723
50409892	8768
50410487	18224
50410488	34232
50410490	34623
50410494	34325
50410495	34444
50410498	36664
50410499	52879
50410500	34303
50410506	27974
50410508	16130
50410509	34025
50410512	16598
50410519	27903
50410520	34380
50410521	34785
50410522	7630
50410523	62844
50410524	36012
50410525	52847
50410527	27727
50410531	27436
50410532	34440
50410534	35434
50410535	6842
50410537	27841
50411242	3900
50412071	44081
50412085	3944
50412087	3947
50412092	66537
50412186	60645
50412187	60645
50412188	37070
50412189	38655
50412190	17066
50412191	17385
50412201	3930
50412278	27767
50412281	18016
50412283	7947
50412291	2197
50413903	52910
50414645	29012
50414647	1294
50415047	66711
50416487	51988
50416492	16830
50416493	52884
50416495	38420
50416497	17170
50416499	18139
50416500	16797
50416505	52884
50416875	48391
50417554	55346
50417947	31529
50417951	3215
50417952	116278
50417963	73708
50417964	6759
50418049	6838
50418083	10112
50418084	50542
50418332	29067
50418616	51723
50418773	3395
50419274	69059
50419751	50189
50420177	64399
50420178	48090
50420179	55319
50420180	45825
50420181	35009
50420183	29067
50420185	43355
50420187	16755
50420189	888
50420190	28939
50420191	8050
50420196	42111
50420197	37736
50420199	29052
50420218	9347
50420222	44880
50420224	17179
50420239	71018
50420241	15365
50420244	4866
50420246	36489
50420247	29067
50420248	28835
50420252	17687
50420254	68834
50420257	16705
50420259	3508
50420356	71419
50420376	2003
50420495	51723
50421226	104585
50421345	17621
50421413	9421
50421728	73085
50421764	15558
50421823	28997
50421837	64203
50421883	35847
50421892	31276
50422012	50694
50422268	16856
50422404	17172
50422407	15422
50422542	6437
50422689	3515
50422690	63214
50422862	73370
50423199	3084
50423218	18066
50423508	28750
50423510	4453
50423511	17252
50423516	50777
50423526	62851
50423528	62850
50423539	28324
50423541	4315
50423544	42309
50423644	28061
50423778	2208
50423810	2303
50423874	29067
50423990	75950
50424077	16563
50424586	9678
50424713	9940
50424714	9774
50424715	2038
50424716	73237
50425732	68534
50426364	521391
50426497	3286
50426730	29067
50427207	17217
50427212	15674
50427221	68578
50427554	60673
50427751	50727
50428067	48669
50428286	75045
50428383	52879
50428384	28924
50428427	51688
50428428	16065
50428432	69929
50428472	36967
50428473	30040
50428658	27504
50428736	36392
50428851	51689
50428890	71256
50429047	16592
50429049	18146
50429057	17772
50430013	15799
50430091	61668
50430574	59660
50430739	10217
50430745	58001
50430746	58001
50430747	58001
50431013	30889
50431088	52884
50431469	35430
50431630	67272
50432170	48390
50432548	52722
50433448	5981
50435017	28898
50436713	3238
50436974	15416
50439491	18149
50440036	17165
50440383	3930
50441055	28229
50441633	28106
50442531	28247
50442536	16076
50442865	15578
50442897	16990
50442901	28987
50442917	17784
50443531	27500
50444455	27924
50444845	27660
50444848	28187
50447758	9287
50448407	4877
50448435	17351
50448436	27432
50448437	16196
50448438	27997
50448439	28194
50453912	17256
50453915	17319
