9.097796143250688194e-01 9.302931545778522215e-01 9.644677703219111109e-01
9.070247933884297842e-01 9.300193716060237703e-01 9.637747720584970423e-01
9.132231404958677246e-01 9.282972766695543054e-01 9.637233522885303438e-01
9.042699724517906379e-01 9.264282624172158753e-01 9.641370477105348780e-01
9.077134986225895430e-01 9.306520888356535348e-01 9.615239884913205914e-01
9.111570247933884481e-01 9.283142859991579954e-01 9.640435572196862646e-01
9.084022038567493018e-01 9.233678617745797457e-01 9.604628714201907114e-01
9.146005509641873532e-01 9.320973796276149637e-01 9.652589336007162402e-01
9.022038567493112504e-01 9.281257837448902981e-01 9.615543729008462215e-01
9.084022038567493018e-01 9.265510317708824939e-01 9.616034554085417518e-01
