8.264462809917355601e-01 7.217094305542708366e-01 7.937295927787945127e-01
9.063360881542700254e-01 9.309553392343646872e-01 9.649153560468480828e-01
9.063360881542700254e-01 9.241593574770105013e-01 9.604488478465634804e-01
9.063360881542700254e-01 9.206559923188305516e-01 9.592661931373305251e-01
9.084022038567493018e-01 9.228023756594007088e-01 9.582518213116247852e-01
9.125344352617079657e-01 9.287112589029042908e-01 9.619680683228507556e-01
9.028925619834711203e-01 9.245022527780839550e-01 9.599860699168635270e-01
9.056473829201101555e-01 9.270125931766961536e-01 9.633587393742214511e-01
9.090909090909090606e-01 9.273137905626762656e-01 9.641370477105348780e-01
9.111570247933884481e-01 9.266452954304480460e-01 9.614491960986417673e-01
