9.228885437821048310e-01 9.522220509545736844e-01 9.534301571449766977e-01
9.281447855692270821e-01 9.516945450792634320e-01 9.537960644041887370e-01
9.009078963086847303e-01 9.393937591648057195e-01 9.475290175148834981e-01
8.989368056385139694e-01 9.367040784183451319e-01 9.459490795909244465e-01
9.282642456098435524e-01 9.547355500538302620e-01 9.558373977918257491e-01
9.255166646756659565e-01 9.524155941733307706e-01 9.556305399914349907e-01
9.330426472345000333e-01 9.578677357027230999e-01 9.586917156680754282e-01
9.288615458129255709e-01 9.515851770426042577e-01 9.547152008270829437e-01
9.276072153864531877e-01 9.522524954044391254e-01 9.548614166940647685e-01
9.155417512841954597e-01 9.483832258590236819e-01 9.549305310821528670e-01
