9.368653685342253068e-01 9.542255168438457114e-01 9.594676340596790531e-01
9.317883168080277612e-01 9.496431510413689825e-01 9.560277817713230819e-01
9.348345478437463107e-01 9.550186173257524391e-01 9.584394049684443750e-01
9.273682953052203581e-01 9.463569984525057599e-01 9.564619326187320247e-01
9.335802174172739276e-01 9.510418763042554069e-01 9.585528159477206822e-01
9.308923665034045669e-01 9.503247929469652577e-01 9.564507121480024798e-01
9.421216103213475579e-01 9.636436118731390721e-01 9.616125212573316539e-01
9.381794289810058141e-01 9.582172526814518587e-01 9.590453318009539707e-01
9.406283598136423452e-01 9.613521725881205571e-01 9.601687278999732067e-01
9.409270099151834099e-01 9.619455337025032415e-01 9.599572805558934663e-01
